00001	24433
00002	32
00003	204
00004	694596
00005	465499
00006	7287
00007	1424676
00008	1851804
00009	1106236
00010	321
00011	1431491
00012	1083114
00013	1431496
00014	1517984
00015	1348902
00016	571907
00017	158777
00018	265946
00019	410196
00020	1175087
00021	1587317
00022	553995
00023	172110
00024	717965
00025	1175068
00026	435435
00027	1190481
00028	1613809
00029	1630870
00030	435437
00031	540488
00032	1127857
00033	874214
00034	1280437
00035	923935
00036	871141
00037	1030966
00038	1448046
00039	779611
00040	765749
00041	1336931
00042	1093306
00043	270292
00044	562089
00045	1301014
00046	1120966
00047	246806
00048	867029
00049	490176
00050	1205664
00051	679116
00052	1278930
00053	881881
00054	1486002
00055	644397
00056	1106858
00057	1671350
00058	568245
00059	1336272
00060	773577
00061	606658
00062	1538433
00063	568249
00064	430408
00065	772406
00066	1553944
00067	973800
00068	973819
00069	928023
00070	1007705
00071	1007703
00072	1200283
00073	159243
00074	976648
00075	466071
00076	1248379
00077	765963
00078	1022907
00079	855280
00080	169903
00081	754484
00082	384164
00083	1173895
00084	247192
00085	632463
00086	953617
00087	1191077
00088	1024920
00089	783828
00090	579853
00091	1297497
00092	313732
00093	1471059
00094	572388
00095	1433658
00096	572394
00097	1552685
00098	228391
00099	1328710
00100	1328721
00101	1599971
00102	572406
00103	1525308
00104	1525317
00105	916549
00106	916560
00107	950852
00108	1228140
00109	611031
00110	923246
00111	1358252
00112	1047877
00113	1222708
00114	1575195
00115	1575203
00116	1010086
00117	817414
00118	1712490
00119	204717
00120	621313
00121	417284
00122	417287
00123	1341615
00124	1341607
00125	433942
00126	1604204
00127	1178838
00128	1345602
00129	1155843
00130	596380
00131	493628
00132	523207
00133	1069989
00134	483855
00135	350323
00136	335533
00137	228403
00138	186830
00139	192203
00140	1016698
00141	501458
00142	270113
00143	1397615
00144	388434
00145	923275
00146	1123664
00147	568257
00148	1711738
00149	1199264
00150	194021
00151	1709252
00152	1501517
00153	1242604
00154	1657909
00155	1699451
00156	373564
00157	377736
00158	1364789
00159	1364806
00160	192185
00161	1039389
00162	479892
00163	1108987
00164	758510
00165	1131144
00166	1173078
00167	1307066
00168	1307074
00169	1359854
00170	678781
00171	514957
00172	1009463
00173	1405805
00174	1405821
00175	1357282
00176	720933
00177	1601645
00178	1601649
00179	405339
00180	746244
00181	611981
00182	327915
00183	937742
00184	746265
00185	746272
00186	1174646
00187	685214
00188	1566787
00189	948375
00190	706303
00191	908532
00192	1108959
00193	1306955
00194	1122544
00195	1320594
00196	868045
00197	982330
00198	1060915
00199	215571
00200	1259610
00201	787958
00202	215575
00203	595452
00204	989308
00205	463752
00206	1108339
00207	320021
00208	627602
00209	1719628
00210	725110
00211	809486
00212	839096
00213	1627967
00214	1227846
00215	256069
00216	262486
00217	1646329
00218	329748
00219	1138372
00220	183810
00221	604203
00222	1155192
00223	60435
00224	1356795
00225	830815
00226	405586
00227	1366594
00228	1208026
00229	615653
00230	1564298
00231	748138
00232	538609
00233	373575
00234	514819
00235	1360661
00236	779608
00237	1152657
00238	1266904
00239	1171579
00240	1027534
00241	928010
00242	258042
00243	522756
00244	1600062
00245	1600064
00246	328662
00247	171386
00248	315237
00249	1159853
00250	993902
00251	995619
00252	823703
00253	927519
00254	1103008
00255	1301045
00256	338013
00257	1514600
00258	1179821
00259	327707
00260	1275780
00261	1620441
00262	1442723
00263	931401
00264	1667296
00265	1721164
00266	463437
00267	764276
00268	966202
00269	632386
00270	537591
00271	1279917
00272	321333
00273	1666567
00274	658459
00275	1043366
00276	612143
00277	258413
00278	258417
00279	998496
00280	963891
00281	1583384
00282	1018167
00283	1394582
00284	1265925
00285	1679317
00286	254501
00287	821480
00288	784929
00289	1507721
00290	735397
00291	1044631
00292	1710109
00293	939291
00294	1297085
00295	935855
00296	935859
00297	925947
00298	1114136
00299	936464
00300	378756
00301	1187750
00302	282737
00303	919495
00304	1668109
00305	580739
00306	340228
00307	413458
00308	1339399
00309	621419
00310	764343
00311	619524
00312	1177135
00313	432001
00314	711531
00315	1415109
00316	1668105
00317	252347
00318	544817
00319	439315
00320	345859
00321	1616706
00322	261098
00323	1166809
00324	702194
00325	401661
00326	1021524
00327	340205
00328	340215
00329	339958
00330	318681
00331	1477189
00332	1588817
00333	493724
00334	354850
00335	163749
00336	389192
00337	664997
00338	577730
00339	1515380
00340	195041
00341	1459524
00342	213735
00343	213745
00344	941971
00345	417992
00346	213755
00347	592575
00348	1324979
00349	479566
00350	1341556
00351	1720064
00352	690252
00353	690258
00354	575489
00355	575495
00356	575499
00357	1029793
00358	161943
00359	1065586
00360	333748
00361	976700
00362	666754
00363	640195
00364	751979
00365	983740
00366	1186371
00367	1119846
00368	495994
00369	1630074
00370	547264
00371	1186065
00372	194690
00373	1275265
00374	1413386
00375	1677484
00376	1332572
00377	898519
00378	1022036
00379	562176
00380	592055
00381	959340
00382	1596459
00383	635927
00384	646316
00385	1566613
00386	273472
00387	1037187
00388	214373
00389	1377773
00390	728665
00391	1702300
00392	806250
00393	527548
00394	556941
00395	1065848
00396	605336
00397	869039
00398	519538
00399	451011
00400	1470508
00401	1075190
00402	874396
00403	1470511
00404	373430
00405	1593182
00406	1719182
00407	731763
00408	1108739
00409	216355
00410	1089980
00411	628464
00412	312224
00413	1720059
00414	845021
00415	373415
00416	991664
00417	314724
00418	1118190
00419	1332078
00420	1170728
00421	526846
00422	701608
00423	1407751
00424	564333
00425	1177118
00426	397710
00427	1593206
00428	1598601
00429	323555
00430	1127276
00431	447125
00432	1276083
00433	360140
00434	384218
00435	1195927
00436	1034124
00437	1680052
00438	1166323
00439	1559774
00440	344555
00441	1471882
00442	1038174
00443	404313
00444	552699
00445	762906
00446	610994
00447	1407898
00448	840554
00449	507035
00450	1440415
00451	768460
00452	1106180
00453	1412772
00454	1546767
00455	995114
00456	1105635
00457	1221554
00458	544392
00459	1583360
00460	1329547
00461	1092387
00462	544383
00463	255529
00464	1567190
00465	1268414
00466	304152
00467	651090
00468	854194
00469	651141
00470	1254234
00471	1325318
00472	1515405
00473	684788
00474	1139728
00475	735349
00476	1418913
00477	204709
00478	583878
00479	1076776
00480	989239
00481	1045855
00482	1676848
00483	1505894
00484	799638
00485	847918
00486	1374168
00487	1700720
00488	252648
00489	449634
00490	1361817
00491	1268385
00492	820272
00493	740492
00494	747422
00495	234049
00496	301190
00497	301197
00498	747432
00499	747439
00500	949512
00501	445930
00502	949517
00503	949528
00504	652072
00505	1149703
00506	461460
00507	461467
00508	1149731
00509	538627
00510	1149737
00511	1675890
00512	319711
00513	319720
00514	319724
00515	319728
00516	319729
00517	528562
00518	522672
00519	522684
00520	560005
00521	528571
00522	294717
00523	528575
00524	825266
00525	963634
00526	733268
00527	1524627
00528	1068920
00529	392575
00530	663955
00531	611037
00532	866904
00533	1302990
00534	470676
00535	1077177
00536	400280
00537	400294
00538	400299
00539	606957
00540	1277457
00541	1277465
00542	611066
00543	186841
00544	178720
00545	1642077
00546	392571
00547	521093
00548	308035
00549	801416
00550	1464301
00551	747694
00552	1455457
00553	1567184
00554	1409843
00555	1649784
00556	1402717
00557	399236
00558	257083
00559	301497
00560	1610645
00561	407672
00562	1241413
00563	529285
00564	509660
00565	1511833
00566	656153
00567	907283
00568	1063876
00569	213596
00570	1204795
00571	721054
00572	645951
00573	939280
00574	765761
00575	475591
00576	1615609
00577	1629946
00578	894072
00579	655719
00580	579723
00581	372361
00582	661570
00583	1120717
00584	1289155
00585	579761
00586	1422129
00587	169513
00588	590907
00589	590908
00590	1269426
00591	1661076
00592	1599004
00593	234859
00594	167409
00595	1320910
00596	721827
00597	620291
00598	304328
00599	1465161
00600	1494147
00601	1494151
00602	1501695
00603	255077
00604	1163159
00605	211169
00606	1385916
00607	574053
00608	574070
00609	710943
00610	821710
00611	1647453
00612	259097
00613	334526
00614	537892
00615	1440988
00616	1580099
00617	1137480
00618	1378705
00619	497819
00620	1334510
00621	1363111
00622	1219355
00623	1481915
00624	187294
00625	1698132
00626	1523879
00627	747652
00628	1437736
00629	829596
00630	472464
00631	1211401
00632	202604
00633	1436761
00634	1561646
00635	1440581
00636	1081190
00637	481920
00638	1423923
00639	449269
00640	1474243
00641	1474262
00642	1289383
00643	282384
00644	721611
00645	1447234
00646	663944
00647	1582135
00648	381254
00649	600028
00650	181510
00651	1061939
00652	453345
00653	1318688
00654	1484569
00655	1448030
00656	575159
00657	860436
00658	464832
00659	916155
00660	333762
00661	613647
00662	1526571
00663	322091
00664	437890
00665	963481
00666	500812
00667	1091412
00668	1680035
00669	1660210
00670	1628309
00671	1357434
00672	1077280
00673	1083217
00674	868405
00675	252712
00676	252708
00677	779696
00678	1251796
00679	749568
00680	1495408
00681	1350911
00682	809185
00683	1495415
00684	1495437
00685	1690130
00686	1033935
00687	1690151
00688	746392
00689	335507
00690	827847
00691	1669429
00692	282372
00693	881518
00694	1082168
00695	1082222
00696	1671949
00697	247822
00698	459135
00699	1210704
00700	473908
00701	614123
00702	614134
00703	817572
00704	1238422
00705	270348
00706	1058206
00707	496856
00708	701906
00709	243375
00710	1218935
00711	1693713
00712	186730
00713	320470
00714	529302
00715	1470132
00716	534541
00717	734025
00718	936306
00719	1283554
00720	1126054
00721	1709167
00722	720215
00723	1199941
00724	823482
00725	588944
00726	847927
00727	505517
00728	350512
00729	1237752
00730	1305032
00731	340734
00732	17106
00733	1123663
00734	821543
00735	1321706
00736	1521456
00737	1222342
00738	1108547
00739	1222359
00740	1222372
00741	296269
00742	1222381
00743	1659182
00744	1659205
00745	1659210
00746	1659219
00747	230902
00748	1659221
00749	505483
00750	1022733
00751	1022742
00752	757192
00753	505530
00754	959217
00755	959225
00756	959229
00757	1451521
00758	505506
00759	255784
00760	1451535
00761	1646698
00762	710276
00763	710301
00764	1646714
00765	912573
00766	287414
00767	287432
00768	287446
00769	287450
00770	497166
00771	912577
00772	912582
00773	497180
00774	497198
00775	497201
00776	1159345
00777	1159358
00778	365518
00779	505514
00780	792202
00781	792208
00782	365521
00783	365525
00784	1009766
00785	808854
00786	365186
00787	812209
00788	1054380
00789	1635095
00790	969670
00791	1439756
00792	1577376
00793	274774
00794	1494911
00795	1598624
00796	293665
00797	795604
00798	647845
00799	717159
00800	851051
00801	1251062
00802	647860
00803	717166
00804	1346410
00805	1346419
00806	1346422
00807	1346424
00808	1346427
00809	1542794
00810	386335
00811	1592885
00812	865076
00813	157458
00814	157466
00815	902542
00816	649725
00817	627699
00818	435045
00819	1067289
00820	1377853
00821	202074
00822	527544
00823	1073191
00824	1116884
00825	932860
00826	476379
00827	1125946
00828	1134078
00829	807600
00830	604160
00831	1611152
00832	541139
00833	402615
00834	248
00835	645198
00836	497078
00837	214608
00838	908311
00839	1422627
00840	837289
00841	1347730
00842	1347743
00843	1035737
00844	1372085
00845	497080
00846	1530865
00847	849671
00848	402065
00849	1334223
00850	1140810
00851	497079
00852	227824
00853	519136
00854	478126
00855	875775
00856	1037994
00857	1149976
00858	256323
00859	1228152
00860	1553325
00861	1635072
00862	1248475
00863	1126520
00864	426916
00865	1628233
00866	908324
00867	1136304
00868	1299054
00869	482284
00870	1009673
00871	1570434
00872	1042670
00873	1578268
00874	1606549
00875	1026147
00876	940390
00877	163878
00878	1618330
00879	1135455
00880	934929
00881	1024200
00882	1384120
00883	1356366
00884	1325124
00885	268244
00886	595805
00887	1702854
00888	908330
00889	841515
00890	660158
00891	1017976
00892	339961
00893	1108764
00894	269395
00895	1422633
00896	706141
00897	455440
00898	1203630
00899	564145
00900	1471869
00901	1634271
00902	692545
00903	519113
00904	848493
00905	862181
00906	429789
00907	780939
00908	692537
00909	1249669
00910	1521813
00911	1698167
00912	267570
00913	1492239
00914	926196
00915	1711059
00916	1085982
00917	775852
00918	271895
00919	1126514
00920	485473
00921	1347737
00922	660162
00923	659738
00924	757395
00925	1310221
00926	1540186
00927	690692
00928	1604912
00929	275245
00930	1600516
00931	863102
00932	696677
00933	1101610
00934	271887
00935	1233627
00936	885301
00937	1187907
00938	850075
00939	200235
00940	836715
00941	673037
00942	1553282
00943	1013490
00944	275224
00945	696669
00946	1521804
00947	876309
00948	732640
00949	968454
00950	935798
00951	1234902
00952	275240
00953	519122
00954	908346
00955	683461
00956	1352498
00957	269391
00958	935794
00959	1014855
00960	863108
00961	636146
00962	1347727
00963	826212
00964	519054
00965	1503049
00966	1027371
00967	836725
00968	1521810
00969	935802
00970	1126524
00971	1592643
00972	1458761
00973	638109
00974	467281
00975	1711076
00976	409456
00977	1396039
00978	1261947
00979	556309
00980	763081
00981	1357117
00982	485483
00983	243269
00984	558801
00985	1149965
00986	497081
00987	1310228
00988	811521
00989	1221393
00990	1618328
00991	348976
00992	1422629
00993	1600538
00994	1702364
00995	702099
00996	1126564
00997	519089
00998	1085973
00999	1356362
01000	1026151
01001	189207
01002	350831
01003	281
01004	1040467
01005	988894
01006	635811
01007	839263
01008	839243
01009	1040463
01010	839245
01011	839251
01012	839248
01013	1217241
01014	1040465
01015	839254
01016	1436198
01017	839259
01018	613194
01019	1169637
01020	329090
01021	1417334
01022	742501
01023	537720
01024	1239503
01025	1040469
01026	1040473
01027	1040471
01028	1239506
01029	1239500
01030	1040475
01031	297795
01032	297799
01033	329080
01034	329084
01035	1239514
01036	1239509
01037	1239512
01038	1525968
01039	742505
01040	193443
01041	197733
01042	1239516
01043	297791
01044	297764
01045	297768
01046	297761
01047	193446
01048	193432
01049	250679
01050	1436676
01051	271503
01052	1632217
01053	1632223
01054	481866
01055	271506
01056	271510
01057	1720587
01058	1131244
01059	271500
01060	368612
01061	1632196
01062	1632213
01063	1632206
01064	1632209
01065	250682
01066	447097
01067	447093
01068	1557180
01069	830715
01070	194688
01071	1109217
01072	243391
01073	1428462
01074	1428457
01075	243405
01076	243401
01077	440835
01078	1401600
01079	1200542
01080	1338784
01081	243410
01082	1001140
01083	799906
01084	1401606
01085	958637
01086	1618386
01087	1618401
01088	1026690
01089	687164
01090	756547
01091	1026687
01092	419175
01093	197736
01094	944677
01095	1077111
01096	1565756
01097	1365941
01098	1565753
01099	1565759
01100	551339
01101	329101
01102	1226048
01103	467901
01104	1423178
01105	256979
01106	467904
01107	537710
01108	673558
01109	256982
01110	876371
01111	419184
01112	419192
01113	1436183
01114	1077128
01115	1436164
01116	469559
01117	1618410
01118	481882
01119	1548935
01120	1217275
01121	1217264
01122	419169
01123	1217235
01124	1169632
01125	1077115
01126	1077119
01127	635806
01128	178957
01129	178996
01130	1086959
01131	557121
01132	551356
01133	1017885
01134	1275646
01135	1217238
01136	1217269
01137	1409688
01138	673561
01139	816628
01140	178962
01141	687160
01142	1555271
01143	186147
01144	399607
01145	1032134
01146	635826
01147	678988
01148	473544
01149	809839
01150	1011078
01151	678989
01152	759462
01153	1032137
01154	1032139
01155	1168125
01156	1040478
01157	1507606
01158	1302128
01159	1239498
01160	1436679
01161	1168147
01162	1436694
01163	256392
01164	481895
01165	1302139
01166	1302134
01167	752360
01168	1693549
01169	339295
01170	1302146
01171	547725
01172	271524
01173	1154541
01174	1026680
01175	631572
01176	1036248
01177	631564
01178	631570
01179	1036246
01180	761582
01181	631567
01182	835032
01183	631560
01184	491556
01185	491559
01186	237624
01187	237621
01188	1036254
01189	1036256
01190	963569
01191	1036257
01192	237618
01193	876391
01194	1618896
01195	631562
01196	1409679
01197	1409681
01198	481870
01199	1409683
01200	1409696
01201	1409685
01202	1409690
01203	1605468
01204	1409693
01205	481874
01206	1605471
01207	1605470
01208	481878
01209	256407
01210	1605472
01211	1605473
01212	1605475
01213	256402
01214	1275664
01215	1409677
01216	1409678
01217	242146
01218	242147
01219	242148
01220	1613141
01221	761596
01222	761601
01223	242158
01224	761605
01225	1163694
01226	453747
01227	1163697
01228	597145
01229	1507626
01230	659812
01231	242155
01232	862776
01233	242153
01234	242150
01235	1063850
01236	242151
01237	1063866
01238	1055055
01239	453749
01240	453751
01241	242157
01242	1262506
01243	1168142
01244	1168131
01245	1168137
01246	1220187
01247	650773
01248	1220185
01249	1220193
01250	917169
01251	853918
01252	1131283
01253	1131288
01254	1525963
01255	627448
01256	627446
01257	1235422
01258	830909
01259	655516
01260	858590
01261	1446028
01262	557129
01263	655520
01264	655530
01265	655524
01266	655511
01267	1446041
01268	449393
01269	449390
01270	449387
01271	1641325
01272	449402
01273	1641336
01274	1059717
01275	655509
01276	1641343
01277	1059713
01278	858587
01279	1455373
01280	963600
01281	1455376
01282	1163682
01283	1637465
01284	277233
01285	277234
01286	222966
01287	487376
01288	1650522
01289	1046045
01290	222961
01291	1637468
01292	1637470
01293	487399
01294	222963
01295	487401
01296	1432590
01297	1432577
01298	1315615
01299	1512306
01300	1432580
01301	917173
01302	1315610
01303	267114
01304	968166
01305	761591
01306	968161
01307	968176
01308	968171
01309	885823
01310	1655949
01311	1417350
01312	1417345
01313	1022541
01314	1417343
01315	1417347
01316	1417354
01317	1221937
01318	1507623
01319	1140423
01320	1419067
01321	1613145
01322	463620
01323	872247
01324	872238
01325	1614858
01326	840092
01327	252509
01328	636659
01329	728485
01330	1546406
01331	930771
01332	250675
01333	650779
01334	461809
01335	267100
01336	1546390
01337	1036258
01338	267094
01339	872256
01340	463618
01341	1614839
01342	463615
01343	1614856
01344	237627
01345	1614844
01346	872255
01347	1614853
01348	1073063
01349	252516
01350	1614847
01351	872254
01352	252521
01353	1419073
01354	1601422
01355	1601431
01356	1405584
01357	1405602
01358	1405608
01359	1405610
01360	1601410
01361	1432594
01362	1628113
01363	1628131
01364	1628134
01365	237633
01366	1361169
01367	1601413
01368	1235438
01369	1235436
01370	1022530
01371	1022528
01372	683053
01373	1022538
01374	1221918
01375	1221921
01376	1022533
01377	237616
01378	1059711
01379	1059719
01380	1455357
01381	449384
01382	449380
01383	1350085
01384	766353
01385	1650530
01386	1707075
01387	354123
01388	1707126
01389	354128
01390	435165
01391	641475
01392	641479
01393	1185733
01394	1622466
01395	435158
01396	435161
01397	435163
01398	641499
01399	1152282
01400	222973
01401	222977
01402	222969
01403	222982
01404	256418
01405	256411
01406	1650542
01407	435154
01408	641485
01409	641489
01410	641482
01411	641493
01412	222989
01413	222993
01414	435140
01415	435142
01416	579097
01417	1244944
01418	1244956
01419	1204032
01420	803464
01421	1463661
01422	262704
01423	610646
01424	610632
01425	210456
01426	1481686
01427	1481678
01428	803459
01429	1577140
01430	579100
01431	210448
01432	1361173
01433	1542189
01434	623227
01435	1542195
01436	1197203
01437	1197196
01438	156755
01439	1394346
01440	371701
01441	1184207
01442	1381378
01443	1165974
01444	453755
01445	1577136
01446	1253921
01447	1311305
01448	1051837
01449	1311309
01450	862759
01451	1262510
01452	659829
01453	1305557
01454	453758
01455	659824
01456	547482
01457	439491
01458	659827
01459	1716022
01460	227434
01461	227437
01462	645716
01463	453761
01464	270434
01465	270437
01466	490031
01467	645720
01468	645717
01469	227429
01470	1654437
01471	529094
01472	533324
01473	733804
01474	490027
01475	453762
01476	453763
01477	659820
01478	733827
01479	1073539
01480	848987
01481	848990
01482	848992
01483	936101
01484	1073499
01485	1073502
01486	1073516
01487	1663645
01488	636669
01489	1446025
01490	1446022
01491	487805
01492	850694
01493	848998
01494	538878
01495	807839
01496	901896
01497	1217742
01498	1208378
01499	283234
01500	1012789
01501	391230
01502	391223
01503	1351569
01504	1351572
01505	1547910
01506	798611
01507	1547916
01508	1547907
01509	1351575
01510	1351592
01511	391758
01512	901911
01513	991926
01514	991931
01515	561438
01516	963597
01517	1388507
01518	391238
01519	391946
01520	1606635
01521	1606639
01522	1311002
01523	631880
01524	1507604
01525	835325
01526	1521361
01527	1715959
01528	1140365
01529	620307
01530	1593524
01531	1593530
01532	1140368
01533	799903
01534	1715967
01535	296159
01536	1715963
01537	1222268
01538	1222260
01539	1623992
01540	939930
01541	426402
01542	296163
01543	440840
01544	505370
01545	292913
01546	1428444
01547	413710
01548	1140362
01549	636658
01550	1405461
01551	1405467
01552	836313
01553	764871
01554	1053744
01555	424785
01556	1370046
01557	424788
01558	1635695
01559	424781
01560	815574
01561	1396104
01562	986337
01563	1390960
01564	1390961
01565	1635704
01566	1702460
01567	1261100
01568	736273
01569	322761
01570	736293
01571	349089
01572	1586701
01573	815578
01574	1016876
01575	1105811
01576	1105810
01577	1390952
01578	986341
01579	905380
01580	580860
01581	986332
01582	939988
01583	158624
01584	580855
01585	963565
01586	1586690
01587	1586684
01588	1635699
01589	1413375
01590	246242
01591	1609189
01592	1609186
01593	246246
01594	897875
01595	905375
01596	905378
01597	617436
01598	410811
01599	574814
01600	1580543
01601	352816
01602	391253
01603	1062721
01604	598087
01605	1605701
01606	861608
01607	598099
01608	861605
01609	517907
01610	517902
01611	1702433
01612	1666010
01613	369058
01614	780598
01615	780592
01616	768002
01617	580737
01618	1689045
01619	848976
01620	391761
01621	349120
01622	1001328
01623	1001339
01624	1593642
01625	557113
01626	294902
01627	1444912
01628	1274521
01629	1396101
01630	1593651
01631	1593656
01632	802421
01633	1003624
01634	1444915
01635	580747
01636	1695235
01637	1534147
01638	162669
01639	1163686
01640	1091739
01641	1386514
01642	581959
01643	778926
01644	778920
01645	1153298
01646	595597
01647	989854
01648	388599
01649	174565
01650	192295
01651	612099
01652	1364890
01653	1016822
01654	1016843
01655	557117
01656	815532
01657	496547
01658	815543
01659	815529
01660	612110
01661	1216163
01662	1216159
01663	1016851
01664	1016854
01665	1016847
01666	1364894
01667	496542
01668	192292
01669	1089393
01670	391207
01671	391212
01672	1287308
01673	162679
01674	162663
01675	162699
01676	377328
01677	377311
01678	377323
01679	162692
01680	377316
01681	162686
01682	1644199
01683	177304
01684	1674879
01685	1085368
01686	1311000
01687	884706
01688	177314
01689	1351059
01690	1351065
01691	286731
01692	1257362
01693	552682
01694	1107672
01695	871158
01696	1270567
01697	304680
01698	513721
01699	305827
01700	871143
01701	1662163
01702	1507545
01703	486201
01704	486205
01705	1058536
01706	520374
01707	1279587
01708	1390929
01709	1586661
01710	1586666
01711	575305
01712	1507610
01713	1507612
01714	1507614
01715	1364902
01716	1560845
01717	967425
01718	1560857
01719	963573
01720	963577
01721	520391
01722	963581
01723	520382
01724	520397
01725	1364899
01726	963589
01727	963593
01728	462454
01729	495776
01730	1266488
01731	1239508
01732	1103540
01733	495780
01734	1296394
01735	1065463
01736	864460
01737	1098388
01738	285896
01739	1103537
01740	1296398
01741	632790
01742	704862
01743	1463253
01744	1463249
01745	495739
01746	1094385
01747	286735
01748	1085374
01749	436266
01750	1283481
01751	1631060
01752	1631053
01753	1662169
01754	884681
01755	1085370
01756	499944
01757	1631057
01758	1293566
01759	884678
01760	286738
01761	286742
01762	1649276
01763	1631063
01764	499940
01765	1089391
01766	888777
01767	1649281
01768	871163
01769	462459
01770	462464
01771	1272661
01772	598620
01773	598633
01774	1272663
01775	1185787
01776	768009
01777	391201
01778	874564
01779	765759
01780	897881
01781	765756
01782	901894
01783	1444891
01784	901902
01785	901899
01786	1062726
01787	901905
01788	901907
01789	720657
01790	594458
01791	594480
01792	999542
01793	1664187
01794	1591872
01795	158631
01796	989826
01797	158647
01798	373514
01799	373529
01800	373533
01801	1841745
01802	373540
01803	580875
01804	1497060
01805	1386958
01806	1582672
01807	1582676
01808	1497064
01809	1172684
01810	1172688
01811	1430749
01812	1490152
01813	566831
01814	945385
01815	212401
01816	824991
01817	963325
01818	963334
01819	963339
01820	1163452
01821	1163466
01822	608073
01823	811539
01824	1708813
01825	391940
01826	1693051
01827	1693053
01828	1693058
01829	405467
01830	1534186
01831	1003155
01832	1139630
01833	801919
01834	801926
01835	1702436
01836	1507529
01837	1310955
01838	1507526
01839	1507521
01840	1310935
01841	1689054
01842	1507540
01843	1507535
01844	1507533
01845	912479
01846	1310926
01847	710177
01848	710209
01849	820891
01850	912470
01851	1193822
01852	1193827
01853	1390411
01854	1702445
01855	1551355
01856	1355181
01857	531563
01858	1447304
01859	322780
01860	531570
01861	531574
01862	531567
01863	322785
01864	881630
01865	286727
01866	881629
01867	1390409
01868	322770
01869	322757
01870	322775
01871	1433802
01872	1629342
01873	1689059
01874	513741
01875	718478
01876	1364882
01877	513732
01878	513737
01879	1167439
01880	1364879
01881	718481
01882	1384782
01883	939985
01884	623263
01885	1112866
01886	1310996
01887	1112862
01888	912501
01889	296142
01890	623274
01891	483163
01892	1027892
01893	469158
01894	826668
01895	826686
01896	360143
01897	840085
01898	1346374
01899	877564
01900	1148578
01901	1014411
01902	542777
01903	542763
01904	1148570
01905	487
01906	1108794
01907	1108797
01908	1306779
01909	1108803
01910	1711865
01911	538406
01912	538410
01913	538412
01914	945394
01915	538419
01916	743214
01917	945382
01918	1315093
01919	743222
01920	945377
01921	1051842
01922	344430
01923	344435
01924	344436
01925	291760
01926	421369
01927	344440
01928	344460
01929	344453
01930	344445
01931	344456
01932	344449
01933	421366
01934	692558
01935	421348
01936	899495
01937	552672
01938	552679
01939	1601784
01940	1293550
01941	1490159
01942	208868
01943	1490155
01944	1490157
01945	817083
01946	1315117
01947	1511751
01948	1315102
01949	1152513
01950	1511742
01951	1315104
01952	1315113
01953	1315110
01954	1511746
01955	1511744
01956	1315107
01957	1511748
01958	353556
01959	922005
01960	921998
01961	921992
01962	1663232
01963	1663238
01964	353554
01965	1502187
01966	908359
01967	908361
01968	895042
01969	344438
01970	501279
01971	501281
01972	1315097
01973	1575664
01974	1472835
01975	1293541
01976	298637
01977	1663240
01978	1663242
01979	305837
01980	305840
01981	305835
01982	706146
01983	1293552
01984	1293557
01985	1293559
01986	1293561
01987	719616
01988	719619
01989	329784
01990	1575660
01991	1306804
01992	1503408
01993	1503415
01994	514919
01995	514910
01996	514916
01997	1472837
01998	817090
01999	692567
02000	706151
02001	706157
02002	706159
02003	353566
02004	922012
02005	1122416
02006	353564
02007	922008
02008	719600
02009	1684929
02010	1152519
02011	1684941
02012	329793
02013	329786
02014	291781
02015	501263
02016	501266
02017	291783
02018	908370
02019	908377
02020	1108780
02021	1108784
02022	1108791
02023	1108787
02024	1108789
02025	291768
02026	291766
02027	291770
02028	1575675
02029	921990
02030	1711847
02031	1711853
02032	1711849
02033	501277
02034	501270
02035	501275
02036	305842
02037	1575655
02038	1503421
02039	1698204
02040	1503427
02041	1698200
02042	1503435
02043	899492
02044	1122440
02045	1122444
02046	1320472
02047	908364
02048	1511762
02049	1511758
02050	1320476
02051	1711844
02052	291775
02053	895062
02054	1095587
02055	547468
02056	627790
02057	1711841
02058	1711836
02059	305846
02060	514897
02061	514908
02062	514901
02063	1315099
02064	410611
02065	719603
02066	667141
02067	967643
02068	250057
02069	1109223
02070	1557192
02071	1588159
02072	1392446
02073	1392436
02074	1195232
02075	667138
02076	939994
02077	1548101
02078	1481523
02079	1276050
02080	178087
02081	711703
02082	711698
02083	750446
02084	940277
02085	1351766
02086	1338328
02087	737760
02088	1208352
02089	1447671
02090	939973
02091	408865
02092	311658
02093	940273
02094	585224
02095	585230
02096	789163
02097	789169
02098	789175
02099	789187
02100	623231
02101	319
02102	828495
02103	617808
02104	176994
02105	764345
02106	1625846
02107	1625849
02108	1250729
02109	1114332
02110	186358
02111	1269136
02112	1416543
02113	813450
02114	1014773
02115	1482634
02116	858819
02117	203907
02119	1607572
02120	807833
02121	1048918
02122	390092
02123	1488785
02124	1683602
02125	411847
02126	1114481
02127	361236
02128	390107
02129	244420
02130	455894
02131	1208435
02132	398588
02133	1655412
02134	973330
02135	390118
02136	700287
02137	872985
02138	737045
02139	757215
02140	757220
02141	1235602
02142	248190
02143	244429
02144	1628329
02145	618108
02146	252722
02147	534379
02148	1584977
02149	231208
02150	1584985
02151	987936
02152	1188814
02153	817429
02154	987921
02155	1018662
02156	987942
02157	1187403
02158	1187408
02159	1418971
02160	606686
02161	1249101
02162	924065
02163	187864
02164	812820
02165	552970
02166	325441
02167	325439
02168	1161425
02169	786345
02170	613974
02171	501286
02172	502376
02173	1272277
02174	537296
02175	738498
02176	1348793
02177	738500
02178	334559
02179	433958
02180	1500267
02181	362179
02182	1227829
02183	1605272
02184	1036034
02185	186463
02186	186479
02187	974129
02188	823491
02189	1057097
02190	177650
02191	359140
02192	895806
02193	605916
02194	490142
02195	788871
02196	433813
02197	1640033
02198	833702
02199	1182080
02200	1640021
02201	1034951
02202	1496197
02203	695354
02204	655756
02205	723872
02206	723861
02207	359195
02208	220448
02209	827543
02210	432669
02211	1663319
02212	699421
02213	1026850
02214	1215794
02215	617665
02216	839105
02217	1710083
02218	905168
02219	1573960
02220	663655
02221	260948
02222	435336
02223	252962
02224	234227
02225	230534
02226	312015
02227	230524
02228	811025
02229	230553
02230	1604431
02231	590994
02232	1672145
02233	364917
02234	1611840
02235	272
02236	1226796
02237	890605
02238	1226800
02239	1027451
02240	1027462
02241	1226803
02242	1226806
02243	830239
02244	1432050
02245	1072136
02246	871282
02247	1072119
02248	830243
02249	1072124
02250	459670
02251	1546118
02252	1546120
02253	262004
02254	1623457
02255	945791
02256	262008
02257	1623453
02258	459666
02259	459661
02260	613174
02261	613182
02262	613186
02263	1313092
02264	1427867
02265	1427870
02266	1427875
02267	830235
02268	1427880
02269	1427885
02270	1623437
02271	1623439
02272	1623470
02273	262041
02274	472812
02275	472816
02276	472819
02277	262023
02278	472824
02279	472839
02280	262020
02281	472848
02282	262027
02283	871288
02284	871293
02285	871303
02286	871307
02287	871299
02288	1270724
02289	1036555
02290	173104
02291	387162
02292	387164
02293	387168
02294	387171
02295	387175
02296	387189
02297	387193
02298	594174
02299	594176
02300	1313098
02301	1313105
02302	1313112
02303	1432052
02304	1627594
02305	613166
02306	613191
02307	262036
02308	613167
02309	594178
02310	1222308
02311	1222313
02312	1509695
02313	1509701
02314	1509712
02315	1509706
02316	1509718
02317	1222283
02318	463996
02319	830232
02320	1234920
02321	1627595
02322	1627596
02323	1627598
02324	1421132
02325	830225
02326	1230769
02327	459652
02328	830229
02329	830227
02330	1230774
02331	1627600
02332	1421122
02333	914677
02334	1115031
02335	1115036
02336	1627602
02337	1627604
02338	1627606
02339	1421116
02340	1432048
02341	1115046
02342	262032
02343	262012
02344	1115054
02345	1115062
02346	1115070
02347	1115079
02348	1313065
02349	1313070
02350	1313074
02351	1313079
02352	1313086
02353	1223968
02354	1506567
02355	1506562
02356	1506557
02357	1506549
02358	1506552
02359	7822
02360	830223
02361	1024752
02362	668449
02363	668437
02364	668445
02365	1283646
02366	1283651
02367	1530313
02368	1506545
02369	462596
02370	668453
02371	626823
02372	668457
02373	1024756
02374	626826
02375	1327932
02376	1692810
02377	1024764
02378	898035
02379	1283654
02380	898040
02381	1333738
02382	1482030
02383	898045
02384	580607
02385	1530328
02386	898025
02387	280434
02388	695629
02389	1283641
02390	626830
02391	626834
02392	1530327
02393	1530317
02394	626838
02395	1640369
02396	490467
02397	996395
02398	463954
02399	175928
02400	175926
02401	975112
02402	1111024
02403	1111035
02404	1111031
02405	1309026
02406	1309028
02407	975115
02408	1111017
02409	830247
02410	1111021
02411	1309030
02412	945793
02413	745213
02414	1309032
02415	1309034
02416	1309036
02417	1309040
02418	763710
02419	1699609
02420	1230789
02421	1230781
02422	1683444
02423	1441424
02424	1441417
02425	1230785
02426	1427853
02427	1427858
02428	1427864
02429	443332
02430	1526036
02431	1329431
02432	1329430
02433	1329428
02434	1623447
02435	1427850
02436	1623451
02437	1427861
02438	1441444
02439	1441449
02440	965670
02441	965673
02442	965677
02443	965680
02444	1526038
02445	1615193
02446	965685
02447	965687
02448	1441439
02449	1441436
02450	965689
02451	419035
02452	419031
02453	1157194
02454	615815
02455	1230777
02456	1699601
02457	808318
02458	729565
02459	1031481
02460	1031462
02461	1031477
02462	1031465
02463	1441406
02464	1329424
02465	1426733
02466	1329421
02467	1024760
02468	1588651
02469	1402074
02470	1166194
02471	1441402
02472	1244311
02473	419001
02474	1244307
02475	1230763
02476	1031485
02477	1441411
02478	1031489
02479	1230758
02480	808321
02481	1166191
02482	1588647
02483	1699605
02484	1347964
02485	808324
02486	459675
02487	1329415
02488	1230765
02489	928294
02490	1191958
02491	1191946
02492	410091
02493	1208886
02494	1009553
02495	1354868
02496	1234253
02497	1500468
02498	1234255
02499	1402078
02500	1738460
02501	725966
02502	725998
02503	928289
02504	892879
02505	669750
02506	1405922
02507	1208864
02508	1229677
02509	1208865
02510	1229673
02511	1208867
02512	1244278
02513	1244270
02514	1045346
02515	1244283
02516	1363185
02517	1496410
02518	1496422
02519	1691152
02520	844185
02521	1691153
02522	1691154
02523	1045310
02524	1080719
02525	1691158
02526	1691155
02527	1045306
02528	808327
02529	336610
02530	1496417
02531	1045337
02532	1615201
02533	1615210
02534	1363180
02535	1363182
02536	1045341
02537	1363183
02538	336614
02539	1691150
02540	1496428
02541	1691148
02542	1045322
02543	1080735
02544	1045329
02545	252860
02546	1045333
02547	1045313
02548	1615233
02549	1615227
02550	1669312
02551	1691164
02552	1496419
02553	1244274
02554	1691167
02555	336616
02556	207837
02557	1636857
02558	1636851
02559	207831
02560	1636849
02561	1636843
02562	1636854
02563	1636839
02564	1636834
02565	1636829
02566	1636819
02567	1441453
02568	1636824
02569	207856
02570	207851
02571	207846
02572	410780
02573	420342
02574	420345
02575	410798
02576	420351
02577	420348
02578	207861
02579	420338
02580	420340
02581	410785
02582	207840
02583	207843
02584	410789
02585	410802
02586	410793
02587	545124
02588	545128
02589	1244294
02590	545123
02591	1205028
02592	1244303
02593	749878
02594	545121
02595	1244291
02596	749886
02597	951922
02598	951925
02599	951928
02600	844180
02601	844176
02602	844172
02603	749881
02604	1152030
02605	1152033
02606	951930
02607	1152044
02608	951932
02609	1152046
02610	1349820
02611	1349825
02612	1131338
02613	1349827
02614	1349829
02615	1152027
02616	1152037
02617	1152038
02618	1349836
02619	1546110
02620	1546115
02621	1546117
02622	1131330
02623	849
02624	844160
02625	1541368
02626	844168
02627	640798
02628	640808
02629	640803
02630	844145
02631	640813
02632	844148
02633	798060
02634	1391949
02635	363742
02636	1391980
02637	1231753
02638	1391962
02639	1387247
02640	1195775
02641	1195780
02642	1587707
02643	1587705
02644	1391965
02645	1391975
02646	947747
02647	947737
02648	1135703
02649	1135719
02650	947734
02651	935233
02652	640795
02653	745639
02654	947720
02655	947724
02656	222279
02657	1587730
02658	1587736
02659	1587721
02660	1587709
02661	1587725
02662	222276
02663	947731
02664	222292
02665	434430
02666	640792
02667	434444
02668	222297
02669	727
02670	458654
02671	867546
02672	867551
02673	650631
02674	1704603
02675	1204073
02676	298406
02677	300246
02678	853174
02679	1326940
02680	1203508
02681	1190300
02682	1587255
02683	990852
02684	1718133
02685	443838
02686	443843
02687	1587232
02688	647365
02689	458003
02690	458012
02691	599169
02692	802892
02693	802904
02694	802917
02695	1004118
02696	1004127
02697	816053
02698	816071
02699	816073
02700	1017308
02701	1017321
02702	1017326
02703	1216625
02704	1216643
02705	1413773
02706	1413776
02707	1413777
02708	1530301
02709	1609569
02710	1609582
02711	1609586
02712	676428
02713	879177
02714	879181
02715	1124651
02716	1414363
02717	1610152
02718	1270701
02719	1514027
02720	1030849
02721	1514033
02722	341044
02723	549365
02724	1708772
02725	355899
02726	273481
02727	355913
02728	355916
02729	563699
02730	563710
02731	563713
02732	563721
02733	612634
02734	816047
02735	612619
02736	1514017
02737	612616
02738	969814
02739	1169673
02740	1169676
02741	1169680
02742	1514019
02743	1514021
02744	1514023
02745	1500355
02746	612622
02747	1514025
02748	891911
02749	891919
02750	754005
02751	1500370
02752	1550137
02753	1658195
02754	215048
02755	753995
02756	1142452
02757	942099
02758	753998
02759	754013
02760	504721
02761	1147978
02762	1147990
02763	1147993
02764	1345794
02765	1345797
02766	1147975
02767	947752
02768	1147970
02769	1345801
02770	1345805
02771	1345809
02772	1345814
02773	1345818
02774	1032466
02775	1350325
02776	610764
02777	610771
02778	610784
02779	610790
02780	610794
02781	610798
02782	814165
02783	814171
02784	1032468
02785	814183
02786	814189
02787	814196
02788	814206
02789	952342
02790	952345
02791	952351
02792	952354
02793	952358
02794	1152425
02795	952366
02796	1152430
02797	1152438
02798	1350328
02799	1152440
02800	1152443
02801	1152447
02802	1032458
02803	1350237
02804	1350243
02805	1350249
02806	1350262
02807	1415284
02808	675603
02809	1196238
02810	431176
02811	431189
02812	314084
02813	1336225
02814	1050065
02815	1542222
02816	1649184
02817	1345826
02818	1345829
02819	1542218
02820	1345822
02821	324025
02822	324044
02823	1327937
02824	1327942
02825	1327946
02826	1701378
02827	668427
02828	668415
02829	606091
02830	606099
02831	809615
02832	798083
02833	935225
02834	935229
02835	1336759
02836	1336762
02837	1533280
02838	431201
02839	943488
02840	943492
02841	943495
02842	943497
02843	943500
02844	1143811
02845	1143823
02846	1143826
02847	1143829
02848	1051760
02849	1051769
02850	326412
02851	429304
02852	1067817
02853	304841
02854	446854
02855	980382
02856	624751
02857	1259578
02858	332109
02859	443687
02860	731405
02861	1445929
02862	933683
02863	1696081
02864	174279
02865	318947
02866	691164
02867	943472
02868	741278
02869	527759
02870	943484
02871	1568334
02872	318944
02873	1022858
02874	397970
02875	573178
02876	996249
02877	1201710
02878	1201715
02879	1201727
02880	1201732
02881	1201745
02882	1533284
02883	215108
02884	1533296
02885	161731
02886	161749
02887	161753
02888	161757
02889	161761
02890	172581
02891	172575
02892	172572
02893	172570
02894	172555
02895	922845
02896	675605
02897	777254
02898	1201750
02899	1201754
02900	1336741
02901	1336755
02902	644789
02903	848067
02904	848069
02905	1226809
02906	1423878
02907	1423881
02908	1619587
02909	1423885
02910	1423887
02911	1423895
02912	1423898
02913	1494579
02914	1494580
02915	1112201
02916	1112203
02917	1310243
02918	945786
02919	233623
02920	857130
02921	248409
02922	351445
02923	351452
02924	1223983
02925	857128
02926	351455
02927	559351
02928	387282
02929	1336228
02930	282722
02931	282726
02932	1147784
02933	1393879
02934	1136938
02935	759343
02936	857123
02937	377047
02938	1310246
02939	1310249
02940	1310259
02941	1310264
02942	1310265
02943	1506836
02944	1506839
02945	1506842
02946	1506847
02947	798079
02948	161764
02949	161767
02950	161770
02951	376414
02952	583679
02953	583688
02954	376428
02955	376439
02956	376433
02957	376445
02958	376452
02959	376455
02960	583710
02961	787639
02962	626817
02963	1309045
02964	626820
02965	1149408
02966	1419445
02967	1419440
02968	1419433
02969	1149417
02970	1419423
02971	1419428
02972	1419409
02973	1309049
02974	1149421
02975	1149424
02976	1149393
02977	1149403
02978	1165694
02979	713976
02980	1455446
02981	798064
02982	798067
02983	171586
02984	171592
02985	171594
02986	171597
02987	1391944
02988	1391946
02989	1089
02990	787651
02991	787657
02992	787678
02993	787681
02994	787683
02995	989025
02996	989037
02997	989032
02998	989043
02999	989049
03000	989062
03001	989065
03002	989067
03003	989069
03004	1188579
03005	1188595
03006	1188600
03007	1188607
03008	1188613
03009	1188619
03010	1188626
03011	1385734
03012	1385753
03013	1385760
03014	1385763
03015	1581479
03016	1581486
03017	1581493
03018	1581525
03019	1714425
03020	1714429
03021	1714437
03022	1714440
03023	1714447
03024	1714450
03025	1714443
03026	1714433
03027	1714453
03028	21123
03029	361939
03030	361944
03031	361948
03032	361951
03033	1714456
03034	1188629
03035	1385703
03036	1704608
03037	773796
03038	773804
03039	773809
03040	773825
03041	773828
03042	773831
03043	773834
03044	975488
03045	975498
03046	975510
03047	975515
03048	675620
03049	1196232
03050	1196234
03051	644780
03052	1396826
03053	527780
03054	527787
03055	527790
03056	527783
03057	743665
03058	978866
03059	732431
03060	732434
03061	777262
03062	527776
03063	361954
03064	361958
03065	1704614
03066	1272484
03067	361964
03068	1704619
03069	361967
03070	569693
03071	569697
03072	569701
03073	569705
03074	569708
03075	569710
03076	569713
03077	773791
03078	1392876
03079	1169375
03080	223283
03081	581672
03082	527767
03083	1628430
03084	978883
03085	1628427
03086	1135248
03087	273502
03088	1135242
03089	1222205
03090	978862
03091	1135236
03092	1178605
03093	1135232
03094	435500
03095	1375898
03096	1375911
03097	169798
03098	604745
03099	1135224
03100	934747
03101	627740
03102	1375924
03103	1564679
03104	1564684
03105	1564689
03106	1564694
03107	1564697
03108	934740
03109	614037
03110	1571710
03111	1571733
03112	1559556
03113	1564701
03114	934730
03115	898410
03116	1704605
03117	898413
03118	898416
03119	898417
03120	898419
03121	898421
03122	1098922
03123	1098925
03124	423138
03125	1474403
03126	1474411
03127	1474415
03128	1474420
03129	1474424
03130	1098931
03131	746874
03132	607277
03133	607286
03134	607282
03135	607290
03136	607295
03137	607300
03138	607309
03139	607314
03140	607318
03141	607323
03142	810825
03143	810834
03144	810839
03145	810844
03146	810848
03147	810853
03148	1012079
03149	1012084
03150	1211448
03151	1211451
03152	1211433
03153	1012111
03154	1012101
03155	1211457
03156	1408506
03157	1408511
03158	239350
03159	1477976
03160	679545
03161	196254
03162	1197417
03163	1407057
03164	248348
03165	1670779
03166	385838
03167	1604312
03168	1604315
03169	229131
03170	1408522
03171	1568328
03172	1604290
03173	1604294
03174	1604297
03175	1604300
03176	1604303
03177	1604306
03178	559354
03179	1750141
03180	1506546
03181	1275007
03182	727081
03183	1275011
03184	1275014
03185	1275017
03186	1471796
03187	438506
03188	630372
03189	833816
03190	1496412
03191	724107
03192	521323
03193	603241
03194	603248
03195	1128769
03196	928322
03197	928328
03198	928335
03199	603259
03200	603265
03201	603270
03202	603281
03203	724109
03204	926475
03205	603285
03206	1523570
03207	1523575
03208	1718142
03209	1718149
03210	573514
03211	573518
03212	745619
03213	777589
03214	745605
03215	745612
03216	1404443
03217	1207418
03218	745635
03219	236357
03220	1600277
03221	1600279
03222	448132
03223	207280
03224	419797
03225	745624
03226	1536874
03227	1421252
03228	1496416
03229	336615
03230	336620
03231	336623
03232	545131
03233	545137
03234	1042106
03235	459679
03236	233620
03237	749892
03238	951934
03239	951942
03240	1546124
03241	175911
03242	175914
03243	175918
03244	445514
03245	1363179
03246	1615191
03247	1454017
03248	702711
03249	1208875
03250	665600
03251	1208878
03252	746856
03253	746859
03254	746865
03255	746868
03256	1264680
03257	746870
03258	746872
03259	929393
03260	929398
03261	481785
03262	1272491
03263	1272494
03264	525986
03265	932898
03266	687971
03267	687987
03268	1527206
03269	154867
03270	154880
03271	877119
03272	1077867
03273	282385
03274	282402
03275	492365
03276	492370
03277	1433384
03278	154900
03279	332229
03280	591080
03281	591085
03282	591093
03283	478544
03284	369903
03285	369908
03286	683872
03287	886597
03288	1826853
03289	886614
03290	996212
03291	996215
03292	1540613
03293	169733
03294	1146301
03295	1146307
03296	563263
03297	1492399
03298	1492407
03299	1359265
03300	1340052
03301	767559
03302	969428
03303	1366747
03304	1366758
03305	1562680
03306	1150398
03307	1544602
03308	1132584
03309	781418
03310	982931
03311	982942
03312	388237
03313	388265
03314	595227
03315	595244
03316	1146278
03317	1136745
03318	194332
03319	340570
03320	340575
03321	340580
03322	340591
03323	340593
03324	340605
03325	340610
03326	581631
03327	581637
03328	169736
03329	169740
03330	581653
03331	982946
03332	982948
03333	1182557
03334	1182574
03335	931825
03336	1494986
03337	931823
03338	931821
03339	1298362
03340	268067
03341	1708339
03342	785597
03343	785623
03344	987019
03345	1186525
03346	1186529
03347	332224
03348	1383733
03349	1708361
03350	591091
03351	955683
03352	332233
03353	332238
03354	540825
03355	540830
03356	540834
03357	359863
03358	567592
03359	567616
03360	1128398
03361	540840
03362	1015309
03363	540852
03364	745602
03365	1330585
03366	548922
03367	781444
03368	675614
03369	729555
03370	1375844
03371	184418
03372	1208872
03373	729571
03374	729575
03375	332217
03376	306725
03377	973530
03378	973534
03379	383988
03380	383991
03381	1648924
03382	945983
03383	1492426
03384	1173378
03385	1370750
03386	548926
03387	1370762
03388	1370767
03389	1566603
03390	1566622
03391	198696
03392	198728
03393	553297
03394	757852
03395	332219
03396	332218
03397	289990
03398	1687181
03399	1687183
03400	1357621
03401	906729
03402	794917
03403	548934
03404	996217
03405	1107193
03406	548938
03407	1687200
03408	1540591
03409	184361
03410	1359260
03411	996203
03412	548942
03413	753562
03414	753591
03415	955665
03416	397925
03417	397931
03418	383994
03419	275441
03420	275457
03421	743867
03422	743872
03423	743883
03424	945976
03425	1115148
03426	1313153
03427	1313155
03428	1313168
03429	1115122
03430	1115132
03431	1313165
03432	1313171
03433	1058262
03434	911790
03435	911810
03436	1112181
03437	1112191
03438	1476144
03439	1112194
03440	1588657
03441	1588645
03442	1506852
03443	932878
03444	932882
03445	1133394
03446	932905
03447	1133396
03448	1133407
03449	1133413
03450	1392921
03451	669797
03452	1331416
03453	1453039
03454	512156
03455	370782
03456	1664052
03457	919323
03458	919327
03459	418986
03460	418991
03461	919334
03462	1119714
03463	1241087
03464	559362
03465	763714
03466	937024
03467	559356
03468	763721
03469	419717
03470	419734
03471	272349
03472	272357
03473	272361
03474	272367
03475	272370
03476	482709
03477	482711
03478	1274993
03479	1274983
03480	1139603
03481	1323959
03482	206519
03483	1699590
03484	431233
03485	797685
03486	215144
03487	455999
03488	797678
03489	743655
03490	858931
03491	206524
03492	317071
03493	1673443
03494	1708148
03495	763732
03496	1363651
03497	1165683
03498	1165686
03499	1165692
03500	1541363
03501	1128843
03502	1529828
03503	1333236
03504	957161
03505	419021
03506	347881
03507	593103
03508	1649674
03509	808312
03510	669766
03511	1431379
03512	1009535
03513	1009528
03514	1009531
03515	932874
03516	252900
03517	252907
03518	419007
03519	687968
03520	1240318
03521	1240321
03522	1112200
03523	1670750
03524	589715
03525	1128855
03526	1326906
03527	1326931
03528	1326935
03529	420355
03530	626815
03531	626812
03532	257740
03533	257749
03534	1400580
03535	1400585
03536	242968
03537	863575
03538	228307
03539	440334
03540	1400587
03541	1050998
03542	1642136
03543	1642137
03544	715405
03545	1706479
03546	778771
03547	715407
03548	1134132
03549	993080
03550	1258613
03551	764166
03552	1576842
03553	1661485
03554	866844
03555	914627
03556	933715
03557	468703
03558	1400567
03559	1400574
03560	632367
03561	1037071
03562	1596315
03563	1596319
03564	1236228
03565	726063
03566	211
03567	539280
03568	539279
03569	1391747
03570	835998
03571	1268395
03572	445268
03573	445273
03574	1038326
03575	958013
03576	402735
03577	957995
03578	402731
03579	189471
03580	189462
03581	189467
03582	1099739
03583	189454
03584	189459
03585	1429234
03586	1334744
03587	1371340
03588	764638
03589	520408
03590	1083162
03591	1317477
03592	177830
03593	1298817
03594	1133740
03595	761849
03596	1209836
03597	1209830
03598	1642266
03599	578015
03600	549052
03601	549044
03602	1351202
03603	1351199
03604	431620
03605	199493
03606	254003
03607	232915
03608	193798
03609	193787
03610	1052210
03611	263412
03612	859318
03613	184098
03614	199480
03615	1145381
03616	1145385
03617	1145392
03618	389386
03619	389389
03620	389393
03621	1554823
03622	1554820
03623	1113019
03624	1113010
03625	402764
03626	1379266
03627	1182068
03628	1182052
03629	1182058
03630	1182064
03631	1182039
03632	1182027
03633	1182012
03634	284953
03635	434779
03636	1226931
03637	794409
03638	363849
03639	794380
03640	1615025
03641	1419264
03642	592264
03643	596370
03644	1223355
03645	1223339
03646	1023938
03647	745034
03648	1318116
03649	1567290
03650	1136808
03651	578592
03652	590241
03653	1371417
03654	1418267
03655	786261
03656	1200356
03657	547273
03658	1161142
03659	1126890
03660	1538738
03661	412711
03662	412722
03663	218299
03664	991714
03665	1612034
03666	1136464
03667	1217556
03668	935968
03669	187292
03670	247606
03671	1049177
03672	1247949
03673	613539
03674	613530
03675	613533
03676	644711
03677	847962
03678	1187199
03679	641108
03680	199382
03681	1231091
03682	1459493
03683	1594259
03684	1264487
03685	814536
03686	1313333
03687	1510007
03688	1115316
03689	914929
03690	1411671
03691	1523787
03692	726236
03693	740186
03694	782021
03695	469978
03696	1213984
03697	1014604
03698	1227989
03699	623421
03700	1633536
03701	351774
03702	351777
03703	1254512
03704	1620748
03705	1712374
03706	549031
03707	549026
03708	1145641
03709	1397311
03710	252203
03711	729894
03712	294000
03713	348405
03714	1344252
03715	757973
03716	1217369
03717	626932
03718	720303
03719	922643
03720	377442
03721	159556
03722	187082
03723	187086
03724	159552
03725	1337677
03726	1337675
03727	1337665
03728	1139771
03729	1139769
03730	737077
03731	1351211
03732	449569
03733	449573
03734	1505123
03735	1371854
03736	1505089
03737	1237423
03738	1033342
03739	991614
03740	1694773
03741	1694778
03742	618880
03743	412268
03744	358513
03745	390724
03746	877726
03747	734131
03748	734133
03749	156204
03750	156195
03751	1528424
03752	991740
03753	991743
03754	1191113
03755	991735
03756	193807
03757	1641519
03758	1620169
03759	1330528
03760	366275
03761	366271
03762	575992
03763	826863
03764	1611469
03765	1611472
03766	826861
03767	826857
03768	826855
03769	1611464
03770	1415648
03771	1019130
03772	474210
03773	1032841
03774	1456000
03775	1455987
03776	1699960
03777	1502789
03778	799722
03779	799710
03780	228972
03781	353187
03782	950854
03783	1352792
03784	232909
03785	444837
03786	854107
03787	1172000
03788	272616
03789	1398424
03790	630458
03791	416880
03792	623413
03793	623415
03794	416878
03795	193670
03796	1284396
03797	827473
03798	827459
03799	277901
03800	1170051
03801	739651
03802	1367451
03803	739645
03804	534845
03805	534834
03806	187608
03807	636642
03808	159564
03809	291965
03810	225992
03811	272964
03812	1414643
03813	1217555
03814	1294312
03815	974191
03816	710348
03817	710351
03818	784345
03819	1362282
03820	1362297
03821	974632
03822	974624
03823	1571166
03824	203846
03825	1571149
03826	1571140
03827	1204376
03828	453929
03829	569598
03830	946099
03831	946087
03832	1624251
03833	540269
03834	1567202
03835	963236
03836	1105433
03837	1303432
03838	1334764
03839	350936
03840	330538
03841	1490853
03842	444581
03843	186939
03844	1547538
03845	251897
03846	502028
03847	251901
03848	317556
03849	1072565
03850	564508
03851	734125
03852	1174011
03853	370535
03854	775040
03855	455072
03856	1129171
03857	1129177
03858	1028054
03859	1477891
03860	1556630
03861	396150
03862	1556635
03863	1556637
03864	1395290
03865	775029
03866	319331
03867	402748
03868	1122615
03869	393219
03870	393184
03871	179327
03872	393171
03873	1610512
03874	882374
03875	1238436
03876	1113171
03877	1531380
03878	517501
03879	924552
03880	1531369
03881	1531366
03882	1334767
03883	1678646
03884	1294315
03885	174841
03886	690347
03887	1004998
03888	300020
03889	748211
03890	1481842
03891	1348290
03892	1348281
03893	1547531
03894	374742
03895	1202043
03896	913091
03897	913059
03898	913057
03899	710786
03900	710774
03901	710771
03902	710769
03903	326095
03904	326080
03905	326087
03906	326077
03907	338038
03908	191886
03909	214375
03910	1681611
03911	1550888
03912	1065260
03913	475517
03914	1071086
03915	1318062
03916	782591
03917	782575
03918	578607
03919	1371390
03920	1174030
03921	371157
03922	371162
03923	183217
03924	183232
03925	183236
03926	396863
03927	603634
03928	603647
03929	603669
03930	733777
03931	173945
03932	440543
03933	189441
03934	1558320
03935	1351559
03936	1351560
03937	1547870
03938	327528
03939	837113
03940	1319825
03941	837102
03942	1319814
03943	1319811
03944	1174453
03945	334398
03946	1351558
03947	1351552
03948	542952
03949	1351542
03950	1153832
03951	542970
03952	218301
03953	1147452
03954	935216
03955	466802
03957	1165901
03958	1598272
03959	1429249
03960	1429246
03961	1232137
03962	511435
03963	1391121
03964	1504112
03965	1504116
03966	1665967
03967	1588113
03968	189812
03969	935196
03970	1604210
03971	907131
03972	1550042
03973	704967
03974	1353833
03975	1475929
03976	290454
03977	348737
03978	1271809
03979	1119145
03980	872418
03981	1373583
03982	1045590
03983	668
03984	1057822
03985	618865
03986	903278
03987	903281
03988	826429
03989	1713597
03990	623025
03991	623002
03992	1375259
03993	281693
03994	1459498
03995	854096
03996	616798
03997	271716
03998	482078
03999	702615
04000	1014595
04001	1268398
04002	813294
04003	549679
04004	1028629
04005	882386
04006	1678357
04007	348399
04008	525184
04009	1388110
04010	194607
04011	866141
04012	933222
04013	1397490
04014	1397478
04015	1397467
04016	1562215
04017	232793
04018	430376
04019	420688
04020	251168
04021	1290205
04022	1290219
04023	340665
04024	596356
04025	289430
04026	826337
04027	1015135
04028	1200361
04029	1411067
04030	353298
04031	353294
04032	765669
04033	799698
04034	1358725
04035	218286
04036	1251064
04037	947218
04038	1358728
04039	1161139
04040	1428190
04041	1428194
04042	1428207
04043	1428214
04044	1623749
04045	1623755
04046	1036432
04047	1598257
04048	1259196
04049	1259193
04050	1259185
04051	1534285
04052	1534288
04053	995467
04054	1534276
04055	1136801
04056	936347
04057	595917
04058	701039
04059	853284
04060	1410617
04061	1253336
04062	1607490
04063	412841
04064	1629532
04065	1152943
04066	220097
04067	1123085
04068	922656
04069	922660
04070	1340163
04071	309889
04072	1142231
04073	904972
04074	1105404
04075	904947
04076	262437
04077	1399515
04078	940179
04079	203792
04080	1613848
04081	737968
04082	662931
04083	662907
04084	1571049
04085	1231099
04086	1231103
04087	1428186
04088	846080
04089	455828
04090	455822
04091	1065278
04092	1436821
04093	1598254
04094	1402406
04095	234767
04096	1534273
04097	1534270
04098	1534267
04099	1469134
04100	1469138
04101	1469117
04102	416758
04103	445264
04104	770158
04105	1042427
04106	1269150
04107	1562415
04108	337888
04109	135632
04110	409097
04111	307096
04112	280
04113	1639534
04114	20
04115	488779
04116	367325
04118	8
04119	1641119
04120	1138320
04121	1551823
04122	1142908
